name: NN
channels:
  - conda-forge
  - defaults
dependencies:
  - autopep8=2.0.1=pyhd8ed1ab_0
  - ca-certificates=2022.12.7=h5b45459_0
  - intel-openmp=2023.0.0=h57928b3_25922
  - libblas=3.9.0=16_win64_mkl
  - libcblas=3.9.0=16_win64_mkl
  - libhwloc=2.8.0=h039e092_1
  - libiconv=1.17=h8ffe710_0
  - liblapack=3.9.0=16_win64_mkl
  - libsqlite=3.40.0=hcfcfb64_0
  - libxml2=2.10.3=hc3477c8_0
  - libzlib=1.2.13=hcfcfb64_4
  - mkl=2022.1.0=h6a75c08_874
  - numpy=1.21.6=py37h2830a78_0
  - openssl=3.0.7=hcfcfb64_1
  - pip=22.3.1=pyhd8ed1ab_0
  - pthreads-win32=2.9.1=hfa6e2cd_3
  - pycodestyle=2.10.0=pyhd8ed1ab_0
  - python=3.7.12=h900ac77_100_cpython
  - python_abi=3.7=3_cp37m
  - setuptools=65.6.3=pyhd8ed1ab_0
  - sqlite=3.40.0=hcfcfb64_0
  - tbb=2021.7.0=h91493d7_1
  - tomli=2.0.1=pyhd8ed1ab_0
  - ucrt=10.0.22621.0=h57928b3_0
  - vc=14.3=h3d8a991_9
  - vs2015_runtime=14.32.31332=h1d6e394_9
  - wheel=0.38.4=pyhd8ed1ab_0
  - pip:
      - nnfs==0.5.1
prefix: C:\Users\Damien.Bafile\Anaconda3\envs\NN
